chip_id = 33042
gpu_core = 15
gpu_fast_die0_sensor_mask64 = 26624
gpu_fast_die0_sensor_mask64_alt = 26624
gpu_fast_die0_sensor_present = 2
gpu_fast_die1_sensor_mask64 = 0
gpu_fast_die1_sensor_mask64_alt = 0
gpu_rev = 3
hwdb_4e0 = 4
hwdb_534 = 0
hwdb_ab8 = 8264
hwdb_abc = 16384
hwdb_b30 = 1
max_freq_mhz = 1398
max_power = 22800
min_sram_volt = 780
num_cores = 10
rc_unk_54 = 65535
rel_max_powers = [0, 18, 27, 37, 52, 66, 82, 96, 100]
shared1_a4 = 0
shared1_tab = [65535, 65535, 65535, 65535, 65535, 65535, 65535, 65535, 65535, 65535, 65535, 65535, 65535, 65535, 65535, 65535]
shared2_t1_coef = 7200
shared2_t2 = [3847, 1216, 1728, 2240, 2752, 3136, 3520, 3776, 3968]
shared2_t3_coefs = [None, 20.0, 28.0, 36.0, 44.0, 50.0, 56.0, 60.0, 63.0]
shared2_t3_scales = [9, 3209, 10400]
shared2_tab = [-1, -1, -1, -1, -1, -1, -1, -1, 697770, 0]
shared2_unk_508 = 12582912
shared3_tab = [10700, 10700, 10700, 10700, 10700, 6000, 1000, 1000, 1000, 10700, 10700, 10700, 10700, 10700, 10700, 10700]
shared3_unk = 5
sram_base = 0
sram_size = 0
tiling_control = 41025
unk_118ec = None
unk_3cf4 = [1920.0, 0, 0, 0, 0, 0, 0, 0]
unk_3d14 = [74.0, 0, 0, 0, 0, 0, 0, 0]
unk_3d34_0 = [0, 0, 0, 0, 0, 0, 0, 0]
unk_87c = 900
unk_8cc = 11000
unk_924 = [[0.0, 0.0, 0.0, 0.0, 5.3, 0.0, 5.3, 5.3], [0, 0, 0, 0, 0, 0, 0, 0], [0, 0, 0, 0, 0, 0, 0, 0], [0, 0, 0, 0, 0, 0, 0, 0], [0, 0, 0, 0, 0, 0, 0, 0], [0, 0, 0, 0, 0, 0, 0, 0], [0, 0, 0, 0, 0, 0, 0, 0], [0, 0, 0, 0, 0, 0, 0, 0]]
unk_e24 = 125
unk_e48 = [[0.0, 0.0, 0.0, 0.0, 5.3, 0.0, 5.3, 5.3], [0, 0, 0, 0, 0, 0, 0, 0], [0, 0, 0, 0, 0, 0, 0, 0], [0, 0, 0, 0, 0, 0, 0, 0], [0, 0, 0, 0, 0, 0, 0, 0], [0, 0, 0, 0, 0, 0, 0, 0], [0, 0, 0, 0, 0, 0, 0, 0], [0, 0, 0, 0, 0, 0, 0, 0]]
unk_hws2_0 = 0
unk_hws2_24 = 0
unk_hws2_4 = [0, 0, 0, 0, 0, 0, 0, 0]
